0 0.129 -0.1 -1.0193 2.5852 -0.84318 2.3733 0 0 0 0 0 0 0
-6.2071e-05 0.13164 -0.089381 -1.0263 2.5594 -0.85147 2.3696 -0.0095507 0.5193 2.1127 -1.3259 -5.1073 -1.6886 -0.69269
-0.00010249 0.13947 -0.056989 -1.0439 2.4816 -0.87889 2.3599 0.0066713 1.0255 4.2924 -1.9867 -10.283 -3.8153 -1.2126
0.00015362 0.15233 -0.0026501 -1.0628 2.351 -0.93028 2.3454 0.046024 1.5115 6.4243 -1.5669 -15.532 -6.4001 -1.6381
0.00082885 0.16998 0.072444 -1.0722 2.1665 -1.0092 2.3265 0.085691 1.9727 8.3769 -0.12984 -20.996 -9.2198 -2.1347
0.0018403 0.19217 0.16607 -1.0627 1.9237 -1.1169 2.3013 0.11192 2.4067 10.075 2.1448 -27.147 -12.033 -2.8915
0.003076 0.21858 0.27523 -1.0252 1.6111 -1.2517 2.2663 0.13354 2.8025 11.419 5.4976 -35.084 -14.515 -4.1356
0.0046521 0.24861 0.39486 -0.94308 1.1979 -1.407 2.215 0.18954 3.1056 12.022 11.451 -47.876 -15.84 -6.1487
0.0067571 0.28005 0.51395 -0.83229 0.81328 -1.5635 2.1438 0.17875 3.041 11.633 4.3459 -6.2729 -15.121 -7.443
0.0085334 0.31046 0.63036 -0.83552 0.95168 -1.7122 2.0616 0.20435 3.0074 11.329 -1.6963 16.372 -14.129 -9.1447
0.010987 0.34104 0.7433 -0.85622 1.0969 -1.8474 1.9568 0.28013 3.0339 10.986 -2.3256 12.495 -12.481 -11.609
0.014184 0.37184 0.85263 -0.88127 1.2077 -1.9629 1.8256 0.35001 3.0488 10.61 -2.5627 9.54 -10.239 -14.372
0.018038 0.4027 0.95789 -0.90701 1.2924 -2.0531 1.6647 0.40957 3.0461 10.179 -2.48 7.2999 -7.5154 -17.484
0.022433 0.43343 1.0585 -0.93079 1.3573 -2.1136 1.4697 0.45687 3.0213 9.6974 -2.1966 5.602 -4.3705 -21.181
0.027241 0.46375 1.1541 -0.9512 1.4073 -2.1398 1.2319 0.48848 2.9595 9.1288 -1.7921 4.9394 -0.65934 -25.44
0.031189 0.49263 1.2215 -0.93659 1.5085 -2.1216 1.2092 0.33171 2.7911 4.8208 3.9288 9.7839 5.2799 8.1386
0.034347 0.52048 1.258 -0.88754 1.5972 -2.0239 1.2816 0.29255 2.7099 2.5112 5.3034 7.7983 13.883 6.1506
0.037146 0.5474 1.2766 -0.83722 1.6667 -1.851 1.3374 0.26902 2.6016 1.6413 4.1648 5.91 18.787 5.1369
0.039944 0.57307 1.2975 -0.80693 1.7182 -1.665 1.3858 0.28829 2.4712 2.6363 1.8732 4.3429 17.414 4.3957
0.04303 0.59743 1.3308 -0.79654 1.7561 -1.5041 1.4262 0.32253 2.3436 3.9245 0.34387 3.2256 14.278 3.6058
0.046474 0.62054 1.3763 -0.79697 1.7846 -1.3762 1.4589 0.3574 2.2249 5.0313 -0.30836 2.4368 11.041 2.8727
0.05025 0.6425 1.4318 -0.80093 1.8062 -1.2792 1.4847 0.38784 2.114 5.8836 -0.40983 1.8697 8.222 2.2393
0.054307 0.66335 1.4947 -0.80444 1.8229 -1.208 1.5047 0.41309 2.0083 6.5143 -0.26109 1.4515 5.9438 1.7166
0.058597 0.68316 1.5631 -0.80601 1.8359 -1.1571 1.5198 0.43402 1.9057 6.9734 -0.048656 1.1356 4.1866 1.2989
0.063082 0.70194 1.6354 -0.80552 1.8462 -1.1217 1.5313 0.45181 1.8048 7.3049 0.13592 0.89262 2.8791 0.97333
0.067736 0.7197 1.7106 -0.80346 1.8542 -1.0976 1.5398 0.46745 1.7048 7.5429 0.26053 0.70316 1.9358 0.72422
0.07254 0.73645 1.7879 -0.80046 1.8605 -1.0816 1.5461 0.48168 1.6053 7.713 0.3243 0.55415 1.2737 0.53639
0.077484 0.75219 1.8666 -0.79706 1.8655 -1.0711 1.5508 0.49498 1.5064 7.8342 0.33956 0.43635 0.82094 0.39633
0.082558 0.76694 1.9464 -0.79369 1.8694 -1.0644 1.5543 0.50767 1.4079 7.9203 0.32188 0.34297 0.51882 0.2927
0.087759 0.7807 2.0268 -0.79061 1.8725 -1.0603 1.5568 0.51995 1.31 7.9813 0.28531 0.26893 0.322 0.21642
0.093082 0.79346 2.1079 -0.78795 1.8749 -1.0577 1.5587 0.53191 1.2126 8.0245 0.2406 0.2103 0.19673 0.16042
0.098525 0.80525 2.1892 -0.78574 1.8768 -1.0561 1.5601 0.54359 1.1159 8.055 0.19506 0.16398 0.11882 0.11932
0.10409 0.81605 2.2709 -0.78399 1.8783 -1.0552 1.5612 0.55501 1.02 8.0765 0.15306 0.1275 0.071424 0.089121
0.10976 0.8259 2.3527 -0.78263 1.8794 -1.0546 1.562 0.56614 0.92476 8.0918 0.1168 0.098874 0.043193 0.066858
0.11554 0.83478 2.4347 -0.7816 1.8803 -1.0543 1.5625 0.57693 0.83032 8.1026 0.086948 0.076487 0.02667 0.05038
0.12144 0.84271 2.5167 -0.78084 1.881 -1.054 1.563 0.58732 0.73667 8.1103 0.063299 0.059043 0.017107 0.038124
0.12743 0.84969 2.5988 -0.7803 1.8815 -1.0539 1.5633 0.59725 0.64379 8.1158 0.045143 0.045496 0.011566 0.028959
0.13353 0.85574 2.681 -0.77991 1.8819 -1.0538 1.5636 0.60665 0.55167 8.1197 0.031579 0.035007 0.0082854 0.022069
0.13971 0.86086 2.7632 -0.77965 1.8822 -1.0537 1.5638 0.61546 0.46027 8.1225 0.021689 0.026906 0.0062475 0.016863
0.14598 0.86506 2.8454 -0.77947 1.8825 -1.0537 1.5639 0.62362 0.36955 8.1245 0.014636 0.020664 0.0048843 0.012912
0.15233 0.86834 2.9277 -0.77934 1.8827 -1.0536 1.564 0.63106 0.27947 8.126 0.0097091 0.015862 0.0038932 0.0099003
0.15875 0.87072 3.0099 -0.77926 1.8828 -1.0536 1.5641 0.63774 0.18996 8.127 0.0063342 0.012173 0.0031198 0.0075986
0.16524 0.87219 3.0922 -0.77921 1.8829 -1.0536 1.5642 0.6436 0.10096 8.1278 0.0040655 0.0093413 0.0024893 0.0058349
0.17178 0.87277 3.1744 -0.77918 1.883 -1.0535 1.5643 0.6486 0.012412 8.1283 0.0025684 0.0071692 0.0019657 0.0044814
0.17837 0.87244 3.2567 -0.77916 1.8831 -1.0535 1.5643 0.6527 -0.075763 8.1287 0.0015979 0.0055034 0.0015312 0.0034415
0.18499 0.87123 3.339 -0.77915 1.8831 -1.0535 1.5643 0.65589 -0.16364 8.129 0.00097988 0.0042259 0.0011744 0.0026423
0.19164 0.86913 3.4213 -0.77914 1.8831 -1.0535 1.5643 0.65812 -0.25129 8.1292 0.00059306 0.0032461 0.00088632 0.0020279
0.19831 0.86615 3.5036 -0.77913 1.8832 -1.0535 1.5644 0.6594 -0.3388 8.1294 0.00035497 0.0024943 0.00065799 0.0015557
0.20498 0.86227 3.5858 -0.77913 1.8832 -1.0535 1.5644 0.6597 -0.42624 8.1295 0.00021071 0.0019173 0.0004805 0.001193
0.21166 0.85752 3.6681 -0.77913 1.8832 -1.0535 1.5644 0.65903 -0.51369 8.1296 0.00012453 0.0014742 0.00034517 0.00091447
0.21832 0.85188 3.7504 -0.77913 1.8832 -1.0535 1.5644 0.65739 -0.60124 8.1296 7.3613e-05 0.0011339 0.00024392 0.00070079
0.22496 0.84535 3.8327 -0.77913 1.8832 -1.0535 1.5644 0.65479 -0.68897 8.1297 4.3725e-05 0.00087224 0.00016953 0.00053692
0.23157 0.83793 3.915 -0.77913 1.8832 -1.0535 1.5644 0.65125 -0.77694 8.1297 2.6178e-05 0.00067109 0.00011585 0.00041132
0.23814 0.82962 3.9973 -0.77913 1.8832 -1.0535 1.5644 0.64679 -0.86525 8.1297 1.5781e-05 0.00051637 7.7777e-05 0.00031509
0.24466 0.82041 4.0795 -0.77913 1.8832 -1.0535 1.5644 0.64145 -0.95396 8.1297 9.5026e-06 0.00039735 5.1247e-05 0.00024139
0.25113 0.81031 4.1618 -0.77913 1.8833 -1.0535 1.5644 0.63525 -1.0431 8.1297 5.6067e-06 0.00030576 3.3077e-05 0.00018496
0.25752 0.79929 4.2441 -0.77913 1.8833 -1.0535 1.5644 0.62824 -1.1329 8.1297 3.1153e-06 0.00023528 2.0854e-05 0.00014174
0.26384 0.78737 4.3264 -0.77913 1.8833 -1.0535 1.5644 0.62047 -1.2232 8.1298 1.4819e-06 0.00018103 1.2783e-05 0.00010865
0.27008 0.77453 4.4087 -0.77913 1.8833 -1.0535 1.5644 0.61199 -1.3142 8.1298 3.9907e-07 0.00013928 7.5597e-06 8.331e-05
0.27623 0.76076 4.491 -0.77913 1.8833 -1.0535 1.5644 0.60286 -1.4059 8.1298 -3.1175e-07 0.00010715 4.2539e-06 6.3898e-05
0.28228 0.74607 4.5733 -0.77913 1.8833 -1.0535 1.5644 0.59313 -1.4984 8.1298 -7.6027e-07 8.2426e-05 2.2151e-06 4.9025e-05
0.28823 0.73043 4.6555 -0.77913 1.8833 -1.0535 1.5644 0.58288 -1.5918 8.1298 -1.0197e-06 6.3398e-05 9.9673e-07 3.7626e-05
0.29408 0.71384 4.7378 -0.77913 1.8833 -1.0535 1.5644 0.57218 -1.686 8.1298 -1.1425e-06 4.8759e-05 2.9853e-07 2.8886e-05
0.29981 0.6963 4.8201 -0.77913 1.8833 -1.0535 1.5644 0.56109 -1.781 8.1298 -1.1687e-06 3.7496e-05 -7.8062e-08 2.2182e-05
0.30543 0.67779 4.9024 -0.77913 1.8833 -1.0535 1.5644 0.5497 -1.8771 8.1298 -1.1293e-06 2.8833e-05 -2.6137e-07 1.7038e-05
0.31094 0.6583 4.9847 -0.77913 1.8833 -1.0535 1.5644 0.53807 -1.974 8.1298 -1.0483e-06 2.217e-05 -3.3278e-07 1.3091e-05
0.31633 0.63782 5.067 -0.77913 1.8833 -1.0535 1.5644 0.52629 -2.0719 8.1298 -9.4412e-07 1.7046e-05 -3.4256e-07 1.0059e-05
0.32159 0.61635 5.1493 -0.77913 1.8833 -1.0535 1.5644 0.51444 -2.1708 8.1298 -8.3009e-07 1.3105e-05 -3.21e-07 7.7315e-06
0.32674 0.59387 5.2315 -0.77913 1.8833 -1.0535 1.5644 0.5026 -2.2707 8.1298 -7.1562e-07 1.0075e-05 -2.8569e-07 5.9432e-06
0.33177 0.57038 5.3138 -0.77913 1.8833 -1.0535 1.5644 0.49084 -2.3716 8.1298 -6.069e-07 7.7456e-06 -2.4642e-07 4.569e-06
0.33668 0.54586 5.3961 -0.77913 1.8833 -1.0535 1.5644 0.47926 -2.4734 8.1298 -5.076e-07 5.9546e-06 -2.083e-07 3.513e-06
0.34147 0.52031 5.4784 -0.77913 1.8833 -1.0535 1.5644 0.46791 -2.5761 8.1298 -4.1954e-07 4.5776e-06 -1.7372e-07 2.7012e-06
0.34615 0.49371 5.5607 -0.77913 1.8833 -1.0535 1.5644 0.45689 -2.6798 8.1298 -3.4324e-07 3.5191e-06 -1.4352e-07 2.0771e-06
0.35072 0.46606 5.643 -0.77913 1.8833 -1.0535 1.5644 0.44627 -2.7843 8.1298 -2.7838e-07 2.7053e-06 -1.1778e-07 1.5973e-06
0.35519 0.43735 5.7252 -0.77913 1.8833 -1.0535 1.5644 0.43612 -2.8898 8.1298 -2.2408e-07 2.0797e-06 -9.6158e-08 1.2284e-06
0.35955 0.40756 5.8075 -0.77913 1.8833 -1.0535 1.5644 0.4265 -2.996 8.1298 -1.7921e-07 1.5988e-06 -7.8185e-08 9.4475e-07
0.36382 0.3767 5.8898 -0.77913 1.8833 -1.0535 1.5644 0.41749 -3.103 8.1298 -1.4254e-07 1.2291e-06 -6.3348e-08 7.2661e-07
0.368 0.34474 5.9721 -0.77913 1.8833 -1.0535 1.5644 0.40914 -3.2107 8.1298 -1.1285e-07 9.4487e-07 -5.1162e-08 5.5885e-07
0.37211 0.3117 6.0544 -0.77913 1.8833 -1.0535 1.5644 0.40151 -3.3191 8.1298 -8.8986e-08 7.2638e-07 -4.1196e-08 4.2983e-07
0.37613 0.27756 6.1367 -0.77913 1.8833 -1.0535 1.5644 0.39465 -3.428 8.1298 -6.9939e-08 5.5842e-07 -3.3073e-08 3.3061e-07
0.3801 0.2423 6.219 -0.77913 1.8833 -1.0535 1.5644 0.38861 -3.5375 8.1298 -5.4818e-08 4.293e-07 -2.6474e-08 2.543e-07
